Trial,Framesize,Iteration,Agg Tx Rate (% Line Rate),Agg Rx Throughput (% Line Rate),Agg Rx Throughput (fps),Agg Rx Throughput (Kbps),Agg Tx Count (frames),Agg Rx Count (frames),Agg Frame Loss (frames),Agg Frame Loss (%),Min Delay Variation (ns),Max Delay Variation (ns),Avg Delay Variation (ns)
1,74,1,9.400,9.400,5000000.013,2960000.008,295000000.000,294999882.000,118,0.000,0.000,302470.000,9365.205
1,74,2,9.588,9.588,5100003.812,3019202.256,300900000.000,300899924.000,76,0.000,0.000,1203320.000,11187.260
1,74,3,9.776,9.776,5200002.917,3078401.727,306800000.000,306799936.000,64,0.000,0.000,216080.000,11039.893
1,74,4,9.964,9.964,5300003.085,3137601.826,312700000.000,312699856.000,144,0.000,0.000,229590.000,9755.403
1,74,5,10.152,10.152,5399999.002,3196799.409,318600000.000,318599813.000,187,0.000,0.000,243030.000,9563.878
1,74,6,10.340,10.340,5499986.545,3255992.034,324500000.000,324499152.000,848,0.000,0.000,1945160.000,11600.055
1,74,7,10.528,10.528,5600000.284,3315200.168,330400000.000,330399708.000,292,0.000,0.000,1142670.000,13134.365
1,74,8,10.716,10.716,5699997.774,3374398.682,336300000.000,336299769.000,231,0.000,0.000,205930.000,15425.293
1,74,9,10.904,10.904,5799992.960,3433595.832,342200000.000,342199544.000,456,0.000,0.000,401880.000,15935.743
1,74,10,11.092,11.092,5899990.692,3492794.490,348100000.000,347832746.000,267254,0.077,0.000,241440.000,16871.793
1,200,1,22.000,21.945,4987479.366,7979966.985,295000000.000,294261199.000,738801,0.250,0.000,2015090.000,11295.571==================================================================
