Trial,Framesize,Iteration,Agg Tx Rate (% Line Rate),Agg Rx Throughput (% Line Rate),Agg Rx Throughput (fps),Agg Rx Throughput (Kbps),Agg Tx Count (frames),Agg Rx Count (frames),Agg Frame Loss (frames),Agg Frame Loss (%),Min Delay Variation (ns),Max Delay Variation (ns),Avg Delay Variation (ns)
1,74,1,5.452,5.452,2900000.942,1716800.558,171100000.000,171100000.000,0,0.000,0.000,1058470.000,4098.745
1,74,2,5.640,5.640,2999936.817,1775962.596,176996224.000,176996224.000,0,0.000,0.000,236070.000,4602.887
1,74,3,5.828,5.828,3099872.821,1835124.710,182892448.000,182892448.000,0,0.000,0.000,256220.000,4864.525
1,74,4,6.016,6.016,3199805.307,1894284.742,188788672.000,188788477.000,195,0.000,0.000,475090.000,4405.593
1,74,5,6.203,6.203,3299734.405,1953442.768,194684896.000,194684221.000,675,0.000,0.000,1446660.000,5363.778
1,74,6,6.391,6.391,3399681.177,2012611.257,200581120.000,200581120.000,0,0.000,0.000,244310.000,4770.303
1,74,7,6.579,6.579,3499618.539,2071774.175,206477344.000,206477344.000,0,0.000,0.000,234910.000,5559.963
1,74,8,6.767,6.767,3599553.655,2130935.764,212373568.000,212373568.000,0,0.000,0.000,530200.000,5031.415
1,74,9,6.955,6.955,3699482.833,2190093.837,218269792.000,218269322.000,470,0.000,0.000,1319090.000,5981.000
1,74,10,7.143,7.143,3799427.168,2249260.883,224166016.000,223770551.000,395465,0.176,0.000,235110.000,5737.245==================================================================
