Trial,Framesize,Iteration,Agg Tx Rate (% Line Rate),Agg Rx Throughput (% Line Rate),Agg Rx Throughput (fps),Agg Rx Throughput (Kbps),Agg Tx Count (frames),Agg Rx Count (frames),Agg Frame Loss (frames),Agg Frame Loss (%),Min Delay Variation (ns),Max Delay Variation (ns),Avg Delay Variation (ns)
1,74,1,5.452,5.452,2900000.823,1716800.487,171100000.000,171100000.000,0,0.000,0.000,196040.000,4292.108
1,74,2,5.640,5.640,2999936.722,1775962.540,176996224.000,176996224.000,0,0.000,0.000,1137750.000,4163.780
1,74,3,5.828,5.828,3099872.868,1835124.738,182892448.000,182892448.000,0,0.000,0.000,239640.000,4951.480
1,74,4,6.016,6.016,3199808.798,1894286.809,188788672.000,188788672.000,0,0.000,0.000,217670.000,4583.383
1,74,5,6.203,6.203,3299745.857,1953449.547,194684896.000,194684896.000,0,0.000,0.000,226950.000,4958.210
1,74,6,6.391,6.391,3399655.215,2012595.887,200581120.000,200579583.000,1537,0.001,0.000,2115700.000,5111.485
1,74,7,6.579,6.579,3499618.630,2071774.229,206477344.000,206477344.000,0,0.000,0.000,1183540.000,5477.168
1,74,8,6.767,6.767,3599553.593,2130935.727,212373568.000,212373568.000,0,0.000,0.000,259330.000,5201.113
1,74,9,6.955,6.955,3699489.904,2190098.023,218269792.000,218269792.000,0,0.000,0.000,248920.000,6022.878
1,74,10,7.143,7.143,3799427.152,2249260.874,224166016.000,224166016.000,0,0.000,0.000,243080.000,5503.108
1,74,11,7.331,7.312,3889594.087,2302639.699,230062240.000,228864455.000,1197785,0.521,0.000,2016540.000,6194.955
1,200,1,12.760,12.664,2878251.020,4605201.632,171100000.000,169816750.000,1283250,0.750,0.000,239130.000,5017.461==================================================================
