Trial,Framesize,Iteration,Agg Tx Rate (% Line Rate),Agg Rx Throughput (% Line Rate),Agg Rx Throughput (fps),Agg Rx Throughput (Kbps),Agg Tx Count (frames),Agg Rx Count (frames),Agg Frame Loss (frames),Agg Frame Loss (%),Min Delay Variation (ns),Max Delay Variation (ns),Avg Delay Variation (ns)
1,74,1,9.400,9.400,4999972.300,2959983.602,295000000.000,294998232.000,1768,0.001,0.000,515520.000,14181.355
1,74,2,9.588,9.588,5099962.632,3019177.878,300900000.000,300897400.000,2600,0.001,0.000,1919510.000,14429.843
1,74,3,9.776,9.776,5199964.278,3078378.853,306800000.000,306797584.000,2416,0.001,0.000,523220.000,14517.793
1,74,4,9.964,9.964,5299966.520,3137580.180,312700000.000,312697652.000,2348,0.001,0.000,520910.000,14810.465
1,74,5,10.152,10.152,5399960.578,3196776.662,318600000.000,318597428.000,2572,0.001,0.000,631250.000,15338.543
1,74,6,10.340,10.340,5499959.862,3255976.238,324500000.000,324497422.000,2578,0.001,0.000,1924970.000,15694.308
1,74,7,10.528,10.528,5600000.732,3315200.433,330400000.000,330399666.000,334,0.000,0.000,240810.000,15653.640
1,74,8,10.716,10.716,5700000.053,3374400.031,336300000.000,336299540.000,460,0.000,0.000,271590.000,15854.473
1,74,9,10.904,10.904,5799993.570,3433596.193,342200000.000,342199286.000,714,0.000,0.000,278740.000,16650.103
1,74,10,11.092,11.092,5900000.718,3492800.425,348100000.000,347717116.000,382884,0.110,0.000,625580.000,17873.045
1,200,1,22.000,21.944,4987365.114,7979783.397,295000000.000,294254343.000,745657,0.253,0.000,3907220.000,14543.887==================================================================
